A	O0	O1	O2	O3	O4	O5	O6	O7
	0	0						
1	1	0	0	0	0	0	0	0
1	1	1	0	0	0	0	0	0
1	1	1	1	0	0	0	0	0
1	1	1	1	1	0	0	0	0
1	1	1	1	1	1	0	0	0
1	1	1	1	1	1	1	0	0
1	1	1	1	1	1	1	1	0
1	1	1	1	1	1	1	1	1
0	1	1	1	1	1	1	1	1
0	0	1	1	1	1	1	1	1
0	0	0	1	1	1	1	1	1
0	0	0	0	1	1	1	1	1
1	0	0	0	1	1	1	1	1
1	1	0	0	0	1	1	1	1
1	1	1	0	0	0	1	1	1
1	1	1	1	0	0	0	1	1
1	1	1	1	1	0	0	0	1
1	1	1	1	1	1	0	0	0
1	1	1	1	1	1	1	0	0
1	1	1	1	1	1	1	1	0
1	1	1	1	1	1	1	1	1
0	1	1	1	1	1	1	1	1
0	0	1	1	1	1	1	1	1
0	0	0	1	1	1	1	1	1
0	0	0	0	1	1	1	1	1
0	0	0	0	0	1	1	1	1
0	0	0	0	0	0	1	1	1
0	0	0	0	0	0	0	1	1
0	0	0	0	0	0	0	0	1
0	0	0	0	0	0	0	0	0
1	0	0	0	0	0	0	0	0
1	1	0	0	0	0	0	0	0
1	1	1	0	0	0	0	0	0
0	1	1	0	0	0	0	0	0
0	0	1	1	0	0	0	0	0
0	0	0	1	1	0	0	0	0
1	0	0	1	1	0	0	0	0
1	1	0	0	1	1	0	0	0
1	1	1	0	0	1	1	0	0
1	1	1	1	0	0	1	1	0
1	1	1	1	1	0	0	1	1
1	1	1	1	1	1	0	0	1
1	1	1	1	1	1	1	0	0
1	1	1	1	1	1	1	1	0
1	1	1	1	1	1	1	1	1
