IN	S5	S4	S3	S2	S1	S0
0	0	0	0	0	0	0
1	0	0	0	0	0	0
1	1	1	1	1	1	1
1	1	1	1	1	1	0
1	1	1	1	1	0	1
1	1	1	1	1	0	0
1	1	1	1	0	1	1
1	1	1	1	0	1	0
1	1	1	1	0	0	1
1	1	1	1	0	0	0
1	1	1	0	1	1	1
1	1	1	0	1	1	0
1	1	1	0	1	0	1
1	1	1	0	1	0	0
1	1	1	0	0	1	1
1	1	1	0	0	1	0
1	1	1	0	0	0	1
1	1	1	0	0	0	0
1	1	0	1	1	1	1
1	1	0	1	1	1	0
1	1	0	1	1	0	1
1	1	0	1	1	0	0
1	1	0	1	0	1	1
1	1	0	1	0	1	0
1	1	0	1	0	0	1
1	1	0	1	0	0	0
1	1	0	0	1	1	1
1	1	0	0	1	1	0
1	1	0	0	1	0	1
1	1	0	0	1	0	0
1	1	0	0	0	1	1
1	1	0	0	0	1	0
1	1	0	0	0	0	1
1	1	0	0	0	0	0
1	0	1	1	1	1	1
1	0	1	1	1	1	0
1	0	1	1	1	0	1
1	0	1	1	1	0	0
1	0	1	1	0	1	1
1	0	1	1	0	1	0
1	0	1	1	0	0	1
1	0	1	1	0	0	0
1	0	1	0	1	1	1
1	0	1	0	1	1	0
1	0	1	0	1	0	1
1	0	1	0	1	0	0
1	0	1	0	0	1	1
1	0	1	0	0	1	0
1	0	1	0	0	0	1
1	0	1	0	0	0	0
1	0	0	1	1	1	1
1	0	0	1	1	1	0
1	0	0	1	1	0	1
1	0	0	1	1	0	0
1	0	0	1	0	1	1
1	0	0	1	0	1	0
1	0	0	1	0	0	1
1	0	0	1	0	0	0
1	0	0	0	1	1	1
1	0	0	0	1	1	0
1	0	0	0	1	0	1
1	0	0	0	1	0	0
1	0	0	0	0	1	1
1	0	0	0	0	1	0
1	0	0	0	0	0	1
1	0	0	0	0	0	0
1	1	1	1	1	1	1
1	1	1	1	1	1	0
1	1	1	1	1	0	1
1	1	1	1	1	0	0
